8
d
14
e
15
c
a
1
f
2
e
11
10
14
9
6
13
e
1
0
2
12
b
5
4
f
10
d
2
0
f
18
15
19
4
e
1b
17
7
c
a
3
6
12
14
b
9
4
2
10
17
19
0
5
c
6
3
f
4
d
13
c
12
14
19
1
e
11
10
13
1a
16
1
15
2
c
c
11
19
3
13
15
7
10
18
16
19
d
17
1a
14
1b
16
7
5
5
3
2
1b
e
0
5
b
a
11
4
c
1b
15
3
19
14
13
18
17
1a
18
13
d
9
f
10
6
f
16
11
14
1a
4
18
19
d
0
16
17
7
b
b
6
5
c
3
1a
16
12
12
a
9
1
1
9
9
e
1
14
3
b
b
18
7
11
0
4
9
1
c
16
d
2
f
13
5
15
a
a
d
1b
6
e
4
5
14
18
b
b
9
13
2
2
17
15
1
f
0
15
7
12
12
9
12
14
3
1b
11
6
17
13
11
1
c
b
16
7
2
17
6
19
f
4
10
0
b
5
13
15
16
4
18
6
1
14
6
a
2
10
b
17
7
7
0
1
f
9
11
11
c
c
d
e
3
6
1
10
0
19
13
1
14
7
e
2
2
9
3
11
10
15
5
a
7
e
f
1a
17
f
5
18
2
1b
a
1
10
10
7
0
f
9
6
13
13
e
b
12
3
14
14
14
17
19
11
10
12
9
2
16
16
f
6
6
0
7
5
5
10
2
9
c
12
15
d
19
e
3
11
b
13
13
f
7
2
12
12
12
5
d
d
e
e
15
14
9
a
10
9
b
13
4
c
1a
17
12
16
16
b
17
7
2
13
9
9
15
e
0
12
4
5
6
11
f
4
1a
d
13
14
a
2
2
b
10
1a
18
12
e
3
1
0
a
d
4
10
5
6
15
e
3
d
0
5
b
14
11
11
19
f
18
a
4
16
3
5
5
6
c
c
d
3
e
b
b
19
a
7
14
16
6
4
5
7
3
9
1a
16
17
12
f
6
14
15
19
a
4
11
d
5
c
3
19
0
0
0
1
0
2
4
b
19
11
17
4
3
18
1a
14
5
c
7
0
1b
6
12
18
a
16
e
f
15
f
17
1
3
11
9
1b
10
12
1a
4
13
a
9
c
19
0
18
18
16
10
6
17
2
19
d
e
18
f
15
1
9
13
a
4
b
17
1a
18
16
10
1
14
2
9
13
12
7
b
9
a
1
11
2
c
0
3
14
c
c
2
5
f
6
b
1a
1
13
d
e
1b
7
d
16
1a
2
4
16
1
6
1b
7
16
b
c
12
0
f
3
d
18
2
f
1b
7
5
9
1
15
3
1
9
10
11
18
13
10
1a
b
14
c
12
16
11
19
9
1b
7
4
10
f
2
3
5
e
15
18
d
d
17
7
1a
5
6
14
3
a
b
16
2
17
18
c
11
1b
1
19
12
12
