0
0
0
0
0
0
0
0
0
0
1
0
0
1
0
0
0
2
1
0
1
0
0
0
0
1
1
1
2
1
2
0
1
0
1
3
0
0
0
1
1
0
1
1
2
1
1
2
3
2
1
1
2
1
2
2
1
3
3
2
1
3
2
3
2
2
4
1
3
2
0
0
3
2
4
4
5
2
3
2
3
3
1
4
1
1
4
3
2
1
4
1
2
2
2
3
3
5
2
5
3
4
2
2
3
4
6
3
4
4
5
5
4
2
3
2
3
5
4
2
4
5
3
5
3
4
6
3
5
4
6
5
4
4
4
3
3
4
4
5
7
5
4
5
3
4
3
3
4
5
4
5
6
6
7
6
5
6
5
4
5
5
6
6
7
8
6
6
6
6
6
6
5
4
5
7
4
5
7
7
7
8
6
7
8
7
7
7
8
5
6
8
7
6
7
5
5
6
8
7
9
7
5
6
6
6
8
7
9
9
9
7
6
9
7
7
7
8
8
6
7
a
8
9
8
8
9
7
8
a
a
9
6
a
7
b
8
7
8
8
b
9
9
8
9
a
b
8
8
8
a
c
8
9
8
a
d
b
9
9
b
c
a
9
a
9
9
9
7
a
a
a
5
9
b
a
8
d
6
8
e
a
b
b
a
c
b
b
b
c
b
c
8
a
c
d
e
a
9
b
c
9
c
e
9
a
d
c
d
b
c
b
c
d
f
d
c
a
a
9
a
c
b
c
d
d
e
e
d
10
b
c
d
d
a
b
d
e
b
f
e
9
e
f
e
f
a
d
6
b
e
b
c
f
c
e
11
10
10
11
c
f
c
f
b
e
e
d
f
c
7
c
11
10
a
12
13
10
f
8
9
10
10
c
f
d
b
d
d
10
f
f
d
11
d
e
e
10
11
11
e
f
b
10
a
c
e
d
e
11
12
10
e
f
f
f
12
12
13
c
d
f
12
e
11
f
13
10
10
12
9
f
d
11
11
12
13
e
d
e
10
10
10
14
10
11
e
f
10
11
10
12
14
11
14
f
11
e
12
12
b
a
14
15
11
11
13
7
13
12
c
f
10
13
12
f
13
f
11
13
12
13
8
11
13
b
13
12
10
14
12
10
14
d
e
11
12
14
10
15
11
11
14
f
14
10
12
15
13
11
14
15
11
c
10
12
13
13
15
16
16
14
14
12
16
17
12
14
13
17
13
15
14
16
14
15
18
16
15
15
17
d
15
15
12
15
9
13
13
13
e
19
15
14
16
16
a
14
15
18
16
15
16
16
15
14
11
1a
17
b
15
17
18
17
11
16
18
19
14
14
12
16
15
f
19
17
17
16
16
15
12
1a
c
16
16
16
18
1b
17
18
16
12
13
15
16
12
17
10
19
17
18
18
13
1a
17
1c
13
14
18
16
d
19
13
17
18
